358720
128955 162671 288016
49832 268082
5064 8288 111003
24177 144237
90296 163522 315640 393946
423244
144325 275256
5007 10554 24177 149779 224783 313859 433930
58780 75446
94249 294317
58218 103160 266234 292888 370763
179233 294682
176631
20851 372628
36554 126782 141965
374884
186982 270448 344735
24177 302311 309056 354983 408499 442739
191119
2903 24177 191847 236790 260304
151424 296439
210895
105169 142928 393021
24177 102572 125127 186147 193975 417256
28265 57052
339969 386159
156529 225070 347027
174425
24177 88275
94249 294317
163160 257349 363593 443325
3424 279657 298864 383826 389966
215630
215630
215630
20851 372628
215630
215630
2243 5478 31437 41936 108413 187271 223408 314631 425347
30217 37929 78379 79118 165902 171745 298259
215630
215630
20851 372628
174425
215630
12031 144813 398132
310994 416363
215630
215630
215630
12031 164130 398132
306585
103444 358008
164500 264853
306585
306585
159890 169633 314212
12031 164130 398132
7607 88820 402996
24177 121957 224271 259236 291232 367819 425505 428892
102845
176937 260882 421538 438744 441811
38398 293093
291706
314300
256242
24177 153818 380386
174425
36332
123664 144092 253944
97634 121657 380042
88168 155478
291198 297437
84772 424137
36173 131242
153088 160857
160857 253414
174425
12400 430487
9193
160857 343717
174425
102615
160857
30754 87318
179233 294682
118098 180868
174425
237580
9158 25040 48703 192593
383600
24177 97191 109467 126336 174595 199674 234597 260304 266820 277114 304815 313622
49901
174425
145912 279107
7297
24177 84675 141031 174545 193185 321692
383600
179233 364775
